1;1,9;2,7;3,6;4,7;5,2;6,4;7,2;8,2;9,2;10,2;11,4;12,5
2;1,7;2,9;3,5;4,4;5,8;6,2;7,3;8,4;9,5;10,3;11,3;12,5
3;1,6;2,5;3,9;4,3;5,7;6,8;7,7;8,2;9,3;10,4;11,7;12,7
4;1,7;2,4;3,3;4,9;5,4;6,3;7,5;8,6;9,5;10,7;11,4;12,8
5;1,2;2,8;3,7;4,4;5,9;6,4;7,2;8,7;9,2;10,1;11,8;12,6
6;1,4;2,2;3,8;4,3;5,4;6,9;7,4;8,2;9,3;10,3;11,4;12,2
7;1,2;2,3;3,7;4,5;5,2;6,4;7,9;8,3;9,8;10,8;11,8;12,8
8;1,2;2,4;3,2;4,6;5,7;6,2;7,2;8,9;9,4;10,8;11,3;12,3
9;1,2;2,5;3,3;4,5;5,2;6,3;7,8;8,8;9,9;10,2;11,5;12,2
10;1,2;2,3;3,4;4,7;5,1;6,3;7,8;8,2;9,2;10,9;11,4;12,5
11;1,4;2,3;3,7;4,4;5,8;6,4;7,8;8,3;9,5;10,4;11,9;12,5
12;1,5;2,5;3,7;4,8;5,6;6,2;7,8;8,3;9,2;10,5;11,5;12,9